01111100

00000001

00000000

00001000

01000000

00000010

00000000

00000010

00000000

01000001

00011000

00000000

00001000

01100010

00101000

00000000

01000100

10100010

00100000

00000000

01001000

10000010

01000000

00000000

01100000

00001000

01000000

01000000

11000101

00000001

11111111

11111110

01101100

01000110

00000000

00001000

01101100

11000111

00000000

00000000

00000100

11100111

00000000

00001000

11000000

11100001

11111111

11111110

10011000

00100010

00000000

00000100

10011100

00101001

00000000

00000100

01001100

00100010

00011000

00000000

01100100

11000001

00010000

00000000

00001100

11000001

00011000

00000000

11100000

00000000

00000000

00010011

00000100

00001010
	
00000000 

00001010

00011100

00000010

00011000

00000000

01111000

00001000

01000000

01000000

00100100

00000010

00011000

00000000

01010100

01101000

00001000

00000000

01110101

00000001
	
00000000 

00001100

01101000

01000001

00000000 

00001100

01011000

01000001
	
00000000
 
00000011

11111100

00000000

00000000

00000000
